Campaign name	Age	Gender		Impressions (May 1, 2025 - May 31, 2025)	Impressions (Apr 1, 2025 - Apr 30, 2025)	Impressions Change	Impressions Change(%)	Frequency (May 1, 2025 - May 31, 2025)	Frequency (Apr 1, 2025 - Apr 30, 2025)	Frequency Change	Frequency Change(%)	Amount spent (INR) (May 1, 2025 - May 31, 2025)	Amount spent (INR) (Apr 1, 2025 - Apr 30, 2025)	Amount spent (INR) Change	Amount spent (INR) Change(%)	Result type	Cost per result (May 1, 2025 - May 31, 2025)	Cost per result (Apr 1, 2025 - Apr 30, 2025)	Cost per result Change	Cost per result Change(%)	Results (May 1, 2025 - May 31, 2025)	Results (Apr 1, 2025 - Apr 30, 2025)	Results Change	Results Change(%)	CPM (cost per 1,000 impressions) (May 1, 2025 - May 31, 2025)	CPM (cost per 1,000 impressions) (Apr 1, 2025 - Apr 30, 2025)	CPM (cost per 1,000 impressions) Change	CPM (cost per 1,000 impressions) Change(%)	CTR (all) (May 1, 2025 - May 31, 2025)	CTR (all) (Apr 1, 2025 - Apr 30, 2025)	CTR (all) Change	CTR (all) Change(%)	CPC (all) (May 1, 2025 - May 31, 2025)	CPC (all) (Apr 1, 2025 - Apr 30, 2025)	CPC (all) Change	CPC (all) Change(%)	Clicks (all) (May 1, 2025 - May 31, 2025)	Clicks (all) (Apr 1, 2025 - Apr 30, 2025)	Clicks (all) Change	Clicks (all) Change(%)	Reporting starts	Reporting ends
Eldeco LVB 25 March MPF Page	All	All		1333058	759731	573327	75	2.15	1.75	0.40	22.64	117761.63	136780.56	-19018.93	-13.90	Meta Leads	920.01	1290.38	-370.37	-28.70	128.00	106.00	22.00	20.75	88.34	180.04	-91.70	-50.93	1.57	1.56	0.01	0.60	5.64	11.57	-5.93	-51.23	20867.00	11821.00	9046.00	76.52	2025-05-01	2025-05-31
	35-44	All		499130	275261	223869	81	2.02	1.68	0.35	20.66	38086.40	46187.58	-8101.18	-17.54	Meta Leads	928.94	1358.46	-429.52	-31.62	41.00	34.00	7.00	20.59	76.31	167.80	-91.49	-54.52	1.53	1.43	0.11	7.48	4.97	11.76	-6.78	-57.69	7657.00	3929.00	3728.00	94.88	2025-05-01	2025-05-31
		male		430901	235731	195170	83	2.03	1.63	0.39	23.92	30871.84	37168.65	-6296.81	-16.94	Meta Leads	882.05	1198.99	-316.94	-26.43	35.00	31.00	4.00	12.90	71.64	157.67	-86.03	-54.56	1.55	1.45	0.10	6.58	4.63	10.87	-6.23	-57.37	6663.00	3420.00	3243.00	94.82	2025-05-01	2025-05-31
		female		66733	38433	28300	74	2.03	2.03	0.00	-0.09	7115.35	8887.97	-1772.61	-19.94	Meta Leads	1185.89	2962.66	-1776.76	-59.97	6.00	3.00	3.00	100.00	106.62	231.26	-124.63	-53.89	1.45	1.28	0.16	12.73	7.37	18.03	-10.65	-59.10	965.00	493.00	472.00	95.74	2025-05-01	2025-05-31
		unknown		1497	1099	398	36	1.67	1.23	0.44	36.06	99.21	130.96	-31.75	-24.25										66.27	119.16	-52.89	-44.39	1.94	1.46	0.48	33.06	3.42	8.19	-4.76	-58.20	29.00	16.00	13.00	81.25	2025-05-01	2025-05-31
	25-34	All		353585	193861	159724	82	2.18	1.69	0.48	28.59	23956.69	22865.20	1091.49	4.77	Meta Leads	826.09	1088.82	-262.73	-24.13	29.00	21.00	8.00	38.10	67.75	117.95	-50.19	-42.56	1.28	1.28	0.01	0.58	5.27	9.23	-3.96	-42.88	4542.00	2476.00	2066.00	83.44	2025-05-01	2025-05-31
		male		300705	163490	137215	84	2.16	1.69	0.47	27.98	19413.18	18788.95	624.24	3.32	Meta Leads	776.53	1043.83	-267.30	-25.61	25.00	18.00	7.00	38.89	64.56	114.92	-50.37	-43.82	1.29	1.31	-0.02	-1.29	4.99	8.78	-3.78	-43.09	3887.00	2141.00	1746.00	81.55	2025-05-01	2025-05-31
		female		51982	29669	22313	75	2.29	1.73	0.56	32.53	4501.36	4004.57	496.80	12.41	Meta Leads	1125.34	2002.28	-876.94	-43.80	4.00	2.00	2.00	100.00	86.59	134.97	-48.38	-35.84	1.24	1.10	0.14	12.75	6.97	12.25	-5.28	-43.10	646.00	327.00	319.00	97.55	2025-05-01	2025-05-31
		unknown		898	701	197	28	2.34	1.83	0.51	28.10	42.14	71.69	-29.55	-41.21			71.69				1.00			46.93	102.27	-55.34	-54.11	1.00	1.14	-0.14	-12.18	4.68	8.96	-4.28	-47.75	9.00	8.00	1.00	12.50	2025-05-01	2025-05-31
	65+	All		202422	127676	74746	59	2.54	2.04	0.50	24.74	22572.41	23291.46	-719.04	-3.09	Meta Leads	836.02	1293.97	-457.95	-35.39	27.00	18.00	9.00	50.00	111.51	182.43	-70.91	-38.87	1.69	1.86	-0.16	-8.70	6.58	9.83	-3.25	-33.05	3429.00	2369.00	1060.00	44.74	2025-05-01	2025-05-31
		male		153900	95176	58724	62	2.40	1.97	0.43	21.90	18827.84	19516.18	-688.34	-3.53	Meta Leads	818.60	1501.24	-682.64	-45.47	23.00	13.00	10.00	76.92	122.34	205.05	-82.72	-40.34	1.85	2.04	-0.18	-8.97	6.60	10.07	-3.47	-34.46	2854.00	1939.00	915.00	47.19	2025-05-01	2025-05-31
		female		47488	31725	15763	50	3.14	2.27	0.87	38.15	3644.82	3594.29	50.52	1.41	Meta Leads	911.20	898.57	12.63	1.41	4.00	4.00	0.00	0.00	76.75	113.30	-36.54	-32.25	1.18	1.32	-0.15	-11.24	6.53	8.56	-2.03	-23.67	558.00	420.00	138.00	32.86	2025-05-01	2025-05-31
		unknown		1034	775	259	33	4.04	3.03	1.01	33.42	99.76	180.98	-81.22	-44.88			180.98				1.00			96.48	233.52	-137.05	-58.69	1.64	1.29	0.35	27.42	5.87	18.10	-12.23	-67.58	17.00	10.00	7.00	70.00	2025-05-01	2025-05-31
	45-54	All		163778	92330	71448	77	1.90	1.68	0.22	12.98	18158.87	24729.14	-6570.27	-26.57	Meta Leads	1008.83	1236.46	-227.63	-18.41	18.00	20.00	-2.00	-10.00	110.87	267.83	-156.96	-58.60	1.82	1.74	0.08	4.58	6.09	15.38	-9.29	-60.42	2983.00	1608.00	1375.00	85.51	2025-05-01	2025-05-31
		male		141492	76816	64676	84	1.91	1.70	0.22	12.91	14728.29	20011.16	-5282.88	-26.40	Meta Leads	920.52	1053.22	-132.70	-12.60	16.00	19.00	-3.00	-15.79	104.09	260.51	-156.42	-60.04	1.85	1.85	0.00	0.06	5.62	14.08	-8.46	-60.07	2619.00	1421.00	1198.00	84.31	2025-05-01	2025-05-31
		female		21952	15146	6806	45	1.79	1.62	0.16	10.12	3386.48	4586.60	-1200.12	-26.17	Meta Leads	1693.24	4586.60	-2893.36	-63.08	2.00	1.00	1.00	100.00	154.27	302.83	-148.56	-49.06	1.61	1.20	0.42	34.94	9.57	25.34	-15.77	-62.25	354.00	181.00	173.00	95.58	2025-05-01	2025-05-31
		unknown		333	368	-35	-10	0.00	1.44	-1.44	-100.00	44.11	131.38	-87.28	-66.43										132.45	357.01	-224.56	-62.90	3.00	1.63	1.37	84.18	4.41	21.90	-17.49	-79.86	10.00	6.00	4.00	66.67	2025-05-01	2025-05-31
	55-64	All		114143	70603	43540	62	2.26	1.79	0.48	26.68	14987.26	19707.18	-4719.93	-23.95	Meta Leads	1152.87	1515.94	-363.07	-23.95	13.00	13.00	0.00	0.00	131.30	279.13	-147.82	-52.96	1.98	2.04	-0.06	-3.03	6.64	13.70	-7.05	-51.49	2256.00	1439.00	817.00	56.78	2025-05-01	2025-05-31
		male		94725	55228	39497	72	2.30	1.77	0.53	29.86	12372.69	16254.25	-3881.55	-23.88	Meta Leads	1237.27	1250.33	-13.06	-1.04	10.00	13.00	-3.00	-23.08	130.62	294.31	-163.69	-55.62	2.14	2.15	-0.02	-0.72	6.12	13.68	-7.57	-55.30	2023.00	1188.00	835.00	70.29	2025-05-01	2025-05-31
		female		19099	15124	3975	26	2.07	1.82	0.25	13.91	2577.28	3411.38	-834.10	-24.45	Meta Leads	1288.64				2.00				134.94	225.56	-90.62	-40.17	1.17	1.65	-0.48	-29.08	11.56	13.70	-2.14	-15.64	223.00	249.00	-26.00	-10.44	2025-05-01	2025-05-31
		unknown		319	250	69	28	0.00	0.00	0.00		37.28	41.55	-4.27	-10.27	Meta Leads	37.28				1.00				116.87	166.20	-49.33	-29.68	3.13	0.80	2.33	291.85	3.73	20.78	-17.05	-82.05	10.00	2.00	8.00	400.00	2025-05-01	2025-05-31
Eldeco LVB 10 March	All	All		1027741	364022	663719	182	4.65	2.79	1.85	66.34	90970.71	57917.55	33053.16	57.07	Meta Leads	640.64	772.23	-131.60	-17.04	142.00	75.00	67.00	89.33	88.52	159.10	-70.59	-44.37	0.51	0.57	-0.05	-9.39	17.25	28.09	-10.84	-38.60	5275.00	2062.00	3213.00	155.82	2025-05-01	2025-05-31
	55-64	All		278144	72093	206051	286	5.66	3.00	2.66	88.55	25741.94	12978.00	12763.94	98.35	Meta Leads	547.70	683.05	-135.35	-19.82	47.00	19.00	28.00	147.37	92.55	180.02	-87.47	-48.59	0.56	0.64	-0.08	-13.19	16.56	27.97	-11.40	-40.78	1554.00	464.00	1090.00	234.91	2025-05-01	2025-05-31
		male		228758	58456	170302	291	5.73	3.00	2.73	90.87	20417.35	10821.50	9595.85	88.67	Meta Leads	600.51	601.19	-0.68	-0.11	34.00	18.00	16.00	88.89	89.25	185.12	-95.87	-51.79	0.52	0.63	-0.12	-18.37	17.27	29.25	-11.97	-40.94	1182.00	370.00	812.00	219.46	2025-05-01	2025-05-31
		female		48861	13329	35532	267	5.30	2.95	2.35	79.39	5297.22	2125.58	3171.64	149.21	Meta Leads	407.48	2125.58	-1718.10	-80.83	13.00	1.00	12.00	1200.00	108.41	159.47	-51.06	-32.02	0.76	0.70	0.06	8.24	14.36	22.86	-8.50	-37.19	369.00	93.00	276.00	296.77	2025-05-01	2025-05-31
		unknown		525	308	217	70	8.20	4.81	3.39	70.45	27.37	30.92	-3.55	-11.48										52.13	100.39	-48.26	-48.07	0.57	0.32	0.25	76.00	9.12	30.92	-21.80	-70.49	3.00	1.00	2.00	200.00	2025-05-01	2025-05-31
	65+	All		174104	74930	99174	132	5.68	3.24	2.43	75.04	22005.05	13629.70	8375.35	61.45	Meta Leads	956.74	717.35	239.39	33.37	23.00	19.00	4.00	21.05	126.39	181.90	-55.51	-30.52	0.80	0.82	-0.02	-2.69	15.88	22.23	-6.36	-28.59	1386.00	613.00	773.00	126.10	2025-05-01	2025-05-31
		male		149656	55791	93865	168	5.95	3.13	2.82	90.01	18900.55	11504.42	7396.13	64.29	Meta Leads	859.12	766.96	92.15	12.02	22.00	15.00	7.00	46.67	126.29	206.21	-79.91	-38.75	0.78	0.84	-0.06	-7.48	16.24	24.53	-8.29	-33.80	1164.00	469.00	695.00	148.19	2025-05-01	2025-05-31
		female		23772	18506	5266	28	4.42	3.53	0.89	25.35	2904.39	2040.78	863.61	42.32	Meta Leads	2904.39	680.26	2224.13	326.95	1.00	3.00	-2.00	-66.67	122.18	110.28	11.90	10.79	0.92	0.74	0.18	24.44	13.26	14.90	-1.63	-10.97	219.00	137.00	82.00	59.85	2025-05-01	2025-05-31
		unknown		676	633	43	7	5.28	19.78	-14.50	-73.30	200.11	84.50	115.61	136.81			84.50				1.00			296.02	133.49	162.52	121.75	0.44	1.11	-0.66	-59.87	66.70	12.07	54.63	452.56	3.00	7.00	-4.00	-57.14	2025-05-01	2025-05-31
	45-54	All		302633	84549	218084	258	4.44	2.46	1.97	80.07	21868.04	11664.97	10203.08	87.47	Meta Leads	455.58	1166.50	-710.91	-60.94	48.00	10.00	38.00	380.00	72.26	137.97	-65.71	-47.63	0.42	0.45	-0.03	-6.58	17.03	30.38	-13.35	-43.93	1284.00	384.00	900.00	234.38	2025-05-01	2025-05-31
		male		244861	68469	176392	258	4.53	2.52	2.00	79.37	16112.40	8990.85	7121.55	79.21	Meta Leads	488.25	1284.41	-796.15	-61.99	33.00	7.00	26.00	371.43	65.80	131.31	-65.51	-49.89	0.39	0.42	-0.03	-6.11	16.84	31.55	-14.71	-46.63	957.00	285.00	672.00	235.79	2025-05-01	2025-05-31
		female		56734	15695	41039	261	4.12	2.23	1.89	84.86	5650.87	2637.77	3013.10	114.23	Meta Leads	376.72	879.26	-502.53	-57.15	15.00	3.00	12.00	400.00	99.60	168.06	-68.46	-40.74	0.57	0.63	-0.06	-10.02	17.55	26.64	-9.09	-34.13	322.00	99.00	223.00	225.25	2025-05-01	2025-05-31
		unknown		1038	385	653	170	3.24	3.01	0.24	7.84	104.78	36.35	68.43	188.25										100.94	94.42	6.53	6.91	0.48	0.00	0.48		20.96				5.00	0.00	5.00		2025-05-01	2025-05-31
	35-44	All		272860	132450	140410	106	3.78	2.35	1.42	60.46	21355.68	19644.89	1710.79	8.71	Meta Leads	889.82	727.59	162.23	22.30	24.00	27.00	-3.00	-11.11	78.27	148.32	-70.05	-47.23	0.39	0.45	-0.07	-15.11	20.32	32.69	-12.37	-37.84	1051.00	601.00	450.00	74.88	2025-05-01	2025-05-31
		male		219432	108064	111368	103	3.71	2.36	1.35	57.28	15785.61	15661.96	123.66	0.79	Meta Leads	751.70	711.91	39.79	5.59	21.00	22.00	-1.00	-4.55	71.94	144.93	-72.99	-50.36	0.35	0.43	-0.08	-19.46	20.58	33.39	-12.81	-38.37	767.00	469.00	298.00	63.54	2025-05-01	2025-05-31
		female		52771	23784	28987	122	4.08	2.35	1.73	73.47	5512.15	3927.18	1584.97	40.36	Meta Leads	1837.38	785.44	1051.95	133.93	3.00	5.00	-2.00	-40.00	104.45	165.12	-60.66	-36.74	0.52	0.55	-0.03	-6.10	20.04	29.75	-9.71	-32.63	275.00	132.00	143.00	108.33	2025-05-01	2025-05-31
		unknown		657	602	55	9	5.13	1.88	3.25	172.84	57.91	55.75	2.16	3.88										88.15	92.61	-4.46	-4.82	1.37	0.00	1.37		6.43				9.00	0.00	9.00		2025-05-01	2025-05-31
Eldeco LVB Generic 18 March	All	All		1568621	1305255	263366	20	2.14	2.23	-0.09	-3.95	59208.69	121400.23	-62191.54	-51.23	Meta Leads	397.37	1113.76	-716.39	-64.32	149.00	109.00	40.00	36.70	37.75	93.01	-55.26	-59.42	0.47	0.35	0.12	34.03	7.96	26.29	-18.33	-69.72	7437.00	4617.00	2820.00	61.08	2025-05-01	2025-05-31
	25-34	All		588567	375414	213153	57	2.22	1.78	0.45	25.14	19418.17	23940.61	-4522.44	-18.89	Meta Leads	353.06	665.02	-311.96	-46.91	55.00	36.00	19.00	52.78	32.99	63.77	-30.78	-48.26	0.50	0.33	0.17	50.81	6.59	19.21	-12.62	-65.69	2946.00	1246.00	1700.00	136.44	2025-05-01	2025-05-31
		male		487160	305576	181584	59	2.17	1.75	0.42	23.86	15529.08	19127.33	-3598.24	-18.81	Meta Leads	323.52	735.67	-412.14	-56.02	48.00	26.00	22.00	84.62	31.88	62.59	-30.72	-49.07	0.50	0.32	0.19	58.60	6.35	19.78	-13.43	-67.89	2445.00	967.00	1478.00	152.84	2025-05-01	2025-05-31
		female		99626	68828	30798	45	2.54	1.88	0.66	35.24	3831.07	4760.06	-928.99	-19.52	Meta Leads	547.30	476.01	71.29	14.98	7.00	10.00	-3.00	-30.00	38.45	69.16	-30.70	-44.40	0.50	0.40	0.10	24.86	7.71	17.31	-9.60	-55.47	497.00	275.00	222.00	80.73	2025-05-01	2025-05-31
		unknown		1780	1011	769	76	1.74	3.95	-2.21	-55.98	58.02	53.22	4.80	9.01										32.59	52.64	-20.05	-38.08	0.22	0.40	-0.17	-43.20	14.50	13.30	1.20	9.01	4.00	4.00	0.00	0.00	2025-05-01	2025-05-31
	35-44	All		407647	367928	39719	11	1.97	2.12	-0.15	-6.95	12362.23	29491.10	-17128.88	-58.08	Meta Leads	494.49	1843.19	-1348.70	-73.17	25.00	16.00	9.00	56.25	30.33	80.15	-49.83	-62.17	0.42	0.30	0.11	36.96	7.29	26.40	-19.11	-72.38	1695.00	1117.00	578.00	51.75	2025-05-01	2025-05-31
		male		334180	296995	37185	13	1.99	2.04	-0.05	-2.60	9735.52	23580.99	-13845.47	-58.71	Meta Leads	486.78	2143.73	-1656.95	-77.29	20.00	11.00	9.00	81.82	29.13	79.40	-50.27	-63.31	0.41	0.29	0.12	43.75	7.11	27.84	-20.73	-74.48	1370.00	847.00	523.00	61.75	2025-05-01	2025-05-31
		female		71924	69824	2100	3	1.93	2.55	-0.62	-24.28	2571.27	5837.38	-3266.11	-55.95	Meta Leads	514.25	1167.48	-653.22	-55.95	5.00	5.00	0.00	0.00	35.75	83.60	-47.85	-57.24	0.44	0.38	0.07	17.67	8.04	22.11	-14.08	-63.66	320.00	264.00	56.00	21.21	2025-05-01	2025-05-31
		unknown		1544	1109	435	39	1.21	1.73	-0.53	-30.39	55.44	72.73	-17.29	-23.78										35.90	65.58	-29.68	-45.25	0.32	0.54	-0.22	-40.14	11.09	12.12	-1.03	-8.53	5.00	6.00	-1.00	-16.67	2025-05-01	2025-05-31
	65+	All		232333	140846	91487	65	2.79	2.51	0.28	11.12	12079.74	18629.53	-6549.78	-35.16	Meta Leads	377.49	809.98	-432.49	-53.39	32.00	23.00	9.00	39.13	51.99	132.27	-80.28	-60.69	0.59	0.52	0.07	12.71	8.88	25.45	-16.57	-65.13	1361.00	732.00	629.00	85.93	2025-05-01	2025-05-31
		male		166197	107302	58895	55	2.68	2.47	0.22	8.77	8887.28	15275.47	-6388.19	-41.82	Meta Leads	423.20	763.77	-340.57	-44.59	21.00	20.00	1.00	5.00	53.47	142.36	-88.89	-62.44	0.57	0.51	0.06	11.84	9.35	27.82	-18.48	-66.41	951.00	549.00	402.00	73.22	2025-05-01	2025-05-31
		female		64625	32688	31937	98	3.04	2.66	0.38	14.30	3118.18	3260.09	-141.91	-4.35	Meta Leads	283.47	1086.70	-803.22	-73.91	11.00	3.00	8.00	266.67	48.25	99.73	-51.48	-51.62	0.62	0.55	0.07	13.03	7.80	18.21	-10.42	-57.20	400.00	179.00	221.00	123.46	2025-05-01	2025-05-31
		unknown		1511	855	656	77	0.00	3.34	-3.34	-100.00	74.28	93.97	-19.69	-20.95										49.16	109.91	-60.75	-55.27	0.66	0.47	0.19	41.46	7.43	23.49	-16.06	-68.38	10.00	4.00	6.00	150.00	2025-05-01	2025-05-31
	45-54	All		199677	237437	-37760	-16	2.20	2.62	-0.42	-16.05	8089.24	24956.43	-16867.19	-67.59	Meta Leads	385.20	1919.73	-1534.52	-79.93	21.00	13.00	8.00	61.54	40.51	105.11	-64.60	-61.46	0.38	0.32	0.07	21.61	10.56	33.32	-22.76	-68.31	766.00	749.00	17.00	2.27	2025-05-01	2025-05-31
		male		158443	184853	-26410	-14	2.23	2.56	-0.33	-12.77	6301.79	18009.20	-11707.41	-65.01	Meta Leads	393.86	1800.92	-1407.06	-78.13	16.00	10.00	6.00	60.00	39.77	97.42	-57.65	-59.18	0.36	0.28	0.08	28.68	11.09	34.97	-23.87	-68.27	568.00	515.00	53.00	10.29	2025-05-01	2025-05-31
		female		40525	51467	-10942	-21	2.06	2.83	-0.78	-27.42	1759.45	6842.21	-5082.76	-74.29	Meta Leads	439.86	2280.74	-1840.87	-80.71	4.00	3.00	1.00	33.33	43.42	132.94	-89.53	-67.34	0.48	0.45	0.03	5.65	9.12	29.49	-20.38	-69.09	193.00	232.00	-39.00	-16.81	2025-05-01	2025-05-31
		unknown		709	1117	-408	-37	0.00	8.73	-8.73	-100.00	28.00	105.02	-77.02	-73.34	Meta Leads	28.00				1.00				39.49	94.02	-54.53	-58.00	0.71	0.18	0.53	293.86	5.60	52.51	-46.91	-89.34	5.00	2.00	3.00	150.00	2025-05-01	2025-05-31
	55-64	All		140397	183630	-43233	-24	2.47	2.82	-0.35	-12.55	7259.31	24382.56	-17123.25	-70.23	Meta Leads	453.71	1161.07	-707.37	-60.92	16.00	21.00	-5.00	-23.81	51.71	132.78	-81.08	-61.06	0.48	0.42	0.06	13.20	10.85	31.54	-20.69	-65.60	669.00	773.00	-104.00	-13.45	2025-05-01	2025-05-31
		male		103777	141962	-38185	-27	2.39	2.86	-0.47	-16.36	5280.92	18649.13	-13368.21	-71.68	Meta Leads	406.22	1165.57	-759.35	-65.15	13.00	16.00	-3.00	-18.75	50.89	131.37	-80.48	-61.26	0.43	0.39	0.04	9.19	11.81	33.30	-21.49	-64.52	447.00	560.00	-113.00	-20.18	2025-05-01	2025-05-31
		female		36177	41072	-4895	-12	2.74	2.67	0.07	2.58	1956.33	5671.98	-3715.66	-65.51	Meta Leads	652.11	1134.40	-482.29	-42.51	3.00	5.00	-2.00	-40.00	54.08	138.10	-84.02	-60.84	0.61	0.52	0.09	17.79	8.85	26.63	-17.78	-66.76	221.00	213.00	8.00	3.76	2025-05-01	2025-05-31
		unknown		443	596	-153	-26	1.73	0.00	1.73		22.07	61.45	-39.38	-64.09										49.81	103.10	-53.29	-51.69	0.23	0.00	0.23		22.07				1.00	0.00	1.00		2025-05-01	2025-05-31
Eldeco LVB SITE Event 7 June	All	All		1061853				2.07				38185.32				Meta Leads	734.33				52.00				35.96				0.33				11.05				3455.00				2025-05-01	2025-05-31
	25-34	All		417114				2.05				11658.65				Meta Leads	647.70				18.00				27.95				0.29				9.57				1218.00				2025-05-01	2025-05-31
		male		361712				2.08				9945.06				Meta Leads	585.00				17.00				27.49				0.29				9.45				1052.00				2025-05-01	2025-05-31
		female		54381				1.82				1690.22				Meta Leads	1690.22				1.00				31.08				0.31				10.18				166.00				2025-05-01	2025-05-31
		unknown		1022				2.00				23.36													22.86				0.00								0.00				2025-05-01	2025-05-31
	35-44	All		228573				1.98				8190.66				Meta Leads	682.55				12.00				35.83				0.31				11.50				712.00				2025-05-01	2025-05-31
		male		197528				1.95				6816.41				Meta Leads	757.38				9.00				34.51				0.31				11.08				615.00				2025-05-01	2025-05-31
		female		30454				2.18				1354.58				Meta Leads	451.53				3.00				44.48				0.32				14.11				96.00				2025-05-01	2025-05-31
		unknown		590				1.54				19.67													33.34				0.17				19.67				1.00				2025-05-01	2025-05-31
	45-54	All		195457				2.12				6995.64				Meta Leads	777.29				9.00				35.79				0.29				12.21				573.00				2025-05-01	2025-05-31
		male		160627				2.11				5599.36				Meta Leads	699.92				8.00				34.86				0.29				12.17				460.00				2025-05-01	2025-05-31
		female		34439				2.14				1382.08				Meta Leads	1382.08				1.00				40.13				0.32				12.45				111.00				2025-05-01	2025-05-31
		unknown		391				3.05				14.20													36.32				0.51				7.10				2.00				2025-05-01	2025-05-31
	65+	All		106683				2.10				5835.64				Meta Leads	972.61				6.00				54.70				0.46				11.84				493.00				2025-05-01	2025-05-31
		male		84541				2.12				4757.89				Meta Leads	1189.47				4.00				56.28				0.46				12.23				389.00				2025-05-01	2025-05-31
		female		21742				2.02				1000.18				Meta Leads	500.09				2.00				46.00				0.47				9.81				102.00				2025-05-01	2025-05-31
		unknown		400				3.13				77.57													193.93				0.50				38.79				2.00				2025-05-01	2025-05-31
	55-64	All		114026				2.38				5504.74				Meta Leads	786.39				7.00				48.28				0.40				11.99				459.00				2025-05-01	2025-05-31
		male		90511				2.41				4505.03				Meta Leads	1126.26				4.00				49.77				0.38				13.13				343.00				2025-05-01	2025-05-31
		female		23299				2.25				985.96				Meta Leads	328.65				3.00				42.32				0.50				8.50				116.00				2025-05-01	2025-05-31
		unknown		216				0.00				13.75													63.66				0.00								0.00				2025-05-01	2025-05-31
Eldeco LVB Dubai/Singapore NRI	All	All			36297				1.57				25850.71					2585.07				10.00				712.20				0.44				163.61				158.00				
	35-44	All			18577				1.57				11498.90					2874.72				4.00				618.99				0.38				161.96				71.00				
		male			17402				1.58				10125.17					2531.29				4.00				581.84				0.39				151.12				67.00				
		female			1134				1.46				1352.42													1192.61				0.35				338.11				4.00				
		unknown			41				1.03				21.31													519.77				0.00								0.00				
	45-54	All			4678				1.40				4749.32					1187.33				4.00				1015.25				0.86				118.73				40.00				
		male			4256				1.37				4081.81					1020.45				4.00				959.07				0.80				120.05				34.00				
		female			415				1.79				661.56													1594.13				1.45				110.26				6.00				
		unknown			7				1.00				5.94													848.59				0.00								0.00				
	25-34	All			9929				1.70				4521.31					4521.31				1.00				455.36				0.27				167.46				27.00				
		male			9293				1.68				3943.62					3943.62				1.00				424.36				0.28				151.68				26.00				
		female			617				1.98				569.20													922.53				0.16				569.20				1.00				
		unknown			19				0.00				8.49													446.85				0.00								0.00				
	65+	All			1630				1.48				2901.02					2901.02				1.00				1779.76				0.98				181.31				16.00				
		male			1360				1.44				2414.48					2414.48				1.00				1775.36				1.03				172.46				14.00				
		female			268				1.86				486.05													1813.62				0.75				243.03				2.00				
		unknown			2				1.00				0.48													240.01				0.00								0.00				
	55-64	All			1483				1.54				2180.17													1470.11				0.27				545.04				4.00				
		male			1352				1.59				1882.11													1392.09				0.30				470.53				4.00				
		female			129				1.15				297.42													2305.56				0.00								0.00				
		unknown			2				0.00				0.64													320.01				0.00								0.00				
Eldeco LVB 24 Feb	All	All			19362				1.19				2714.95					678.74				4.00				140.22				0.87				16.06				169.00				
	35-44	All			7007				1.14				885.46													126.37				0.71				17.71				50.00				
		male			5589				1.12				707.78													126.64				0.68				18.63				38.00				
		female			1378				1.24				172.46													125.15				0.80				15.68				11.00				
		unknown			40				1.11				5.22													130.50				2.50				5.22				1.00				
	45-54	All			2295				1.05				603.58					201.19				3.00				263.00				1.53				17.25				35.00				
		male			1804				1.03				475.57					237.79				2.00				263.62				1.44				18.29				26.00				
		female			479				1.08				127.10					127.10				1.00				265.35				1.88				14.12				9.00				
		unknown			12				3.00				0.91													75.83				0.00								0.00				
	25-34	All			4821				1.18				449.58													93.25				0.68				13.62				33.00				
		male			3838				1.18				326.67													85.11				0.63				13.61				24.00				
		female			961				1.17				118.26													123.06				0.94				13.14				9.00				
		unknown			22				2.75				4.65													211.36				0.00								0.00				
	65+	All			3814				1.32				408.32					408.32				1.00				107.06				0.97				11.04				37.00				
		male			2504				1.29				301.22					301.22				1.00				120.30				1.24				9.72				31.00				
		female			1277				1.41				102.37													80.16				0.47				17.06				6.00				
		unknown			33				1.03				4.73													143.33				0.00								0.00				
	55-64	All			1425				1.19				368.00													258.25				0.98				26.29				14.00				
		male			1096				1.22				303.39													276.82				1.00				27.58				11.00				
		female			322				1.09				64.24													199.50				0.93				21.41				3.00				
		unknown			7				1.75				0.37													52.86				0.00								0.00				
